216 997 0.0
429 926 0.0
580 1034 0.0
604 630 0.0
1038 1043 0.0
1038 1085 0.0
1044 1078 0.0
1053 1062 0.0
1060 1090 0.0
1064 1102 0.0
1070 1096 0.0
1074 1092 0.0
1075 1082 0.0
1075 1084 0.0
1076 1087 0.0
1076 1088 0.0
1086 1089 0.0
0 777 1.0
74 143 1.0
132 722 1.0
191 830 1.0
210 211 1.0
216 580 1.0
280 695 1.0
300 665 1.0
307 308 1.0
328 777 1.0
351 814 1.0
373 429 1.0
373 849 1.0
399 400 1.0
514 580 1.0
514 798 1.0
597 598 1.0
604 722 1.0
635 670 1.0
657 689 1.0
665 896 1.0
708 739 1.0
753 849 1.0
798 1103 1.0
1040 1049 1.0
1041 1046 1.0
1042 1050 1.0
1044 1072 1.0
1056 1098 1.0
1057 1061 1.0
1061 1066 1.0
1069 1074 1.0
1069 1086 1.0
1070 1091 1.0
1075 1095 1.0
1076 1081 1.0
1076 1097 1.0
1091 1093 1.0
1101 1103 1.0
43 54 1.4142135623730951
68 69 1.4142135623730951
213 230 1.4142135623730951
241 242 1.4142135623730951
253 579 1.4142135623730951
264 265 1.4142135623730951
297 298 1.4142135623730951
531 532 1.4142135623730951
1001 1049 1.4142135623730951
1024 1077 1.4142135623730951
1027 1070 1.4142135623730951
1027 1094 1.4142135623730951
10 64 2.0
23 103 2.0
40 41 2.0
52 721 2.0
93 471 2.0
110 119 2.0
112 280 2.0
112 300 2.0
122 830 2.0
216 429 2.0
226 227 2.0
277 278 2.0
309 310 2.0
416 455 2.0
417 456 2.0
499 536 2.0
668 669 2.0
671 672 2.0
697 698 2.0
730 731 2.0
774 795 2.0
821 822 2.0
846 864 2.0
858 859 2.0
866 867 2.0
896 960 2.0
943 980 2.0
987 988 2.0
1004 1050 2.0
1026 1074 2.0
1031 1032 2.0
1038 1074 2.0
1054 1065 2.0
1056 1060 2.0
1057 1068 2.0
1064 1098 2.0
1064 1101 2.0
1086 1094 2.0
35 36 2.23606797749979
58 67 2.23606797749979
62 63 2.23606797749979
76 85 2.23606797749979
100 101 2.23606797749979
108 117 2.23606797749979
130 141 2.23606797749979
179 189 2.23606797749979
239 240 2.23606797749979
249 250 2.23606797749979
257 258 2.23606797749979
270 295 2.23606797749979
355 356 2.23606797749979
357 381 2.23606797749979
368 395 2.23606797749979
394 423 2.23606797749979
397 427 2.23606797749979
409 410 2.23606797749979
418 457 2.23606797749979
442 443 2.23606797749979
472 515 2.23606797749979
493 494 2.23606797749979
524 525 2.23606797749979
537 538 2.23606797749979
574 575 2.23606797749979
612 613 2.23606797749979
684 714 2.23606797749979
705 736 2.23606797749979
733 761 2.23606797749979
737 764 2.23606797749979
744 745 2.23606797749979
768 789 2.23606797749979
771 792 2.23606797749979
788 789 2.23606797749979
811 812 2.23606797749979
828 845 2.23606797749979
860 861 2.23606797749979
860 885 2.23606797749979
861 886 2.23606797749979
869 870 2.23606797749979
892 893 2.23606797749979
909 910 2.23606797749979
922 955 2.23606797749979
928 929 2.23606797749979
931 932 2.23606797749979
964 965 2.23606797749979
973 1009 2.23606797749979
979 1016 2.23606797749979
982 983 2.23606797749979
1015 1016 2.23606797749979
1017 1059 2.23606797749979
1023 1077 2.23606797749979
1024 1073 2.23606797749979
1028 1081 2.23606797749979
13 26 2.8284271247461903
133 144 2.8284271247461903
175 176 2.8284271247461903
184 185 2.8284271247461903
193 204 2.8284271247461903
193 205 2.8284271247461903
195 208 2.8284271247461903
202 214 2.8284271247461903
222 223 2.8284271247461903
269 270 2.8284271247461903
272 298 2.8284271247461903
316 317 2.8284271247461903
393 422 2.8284271247461903
414 453 2.8284271247461903
419 457 2.8284271247461903
431 432 2.8284271247461903
446 485 2.8284271247461903
449 489 2.8284271247461903
490 529 2.8284271247461903
540 541 2.8284271247461903
558 559 2.8284271247461903
562 587 2.8284271247461903
583 606 2.8284271247461903
590 591 2.8284271247461903
595 596 2.8284271247461903
610 611 2.8284271247461903
676 677 2.8284271247461903
708 709 2.8284271247461903
712 713 2.8284271247461903
766 786 2.8284271247461903
786 787 2.8284271247461903
837 853 2.8284271247461903
877 903 2.8284271247461903
919 952 2.8284271247461903
939 940 2.8284271247461903
958 995 2.8284271247461903
973 1010 2.8284271247461903
984 1020 2.8284271247461903
1028 1093 2.8284271247461903
1 143 3.0
3 4 3.0
15 16 3.0
23 233 3.0
44 55 3.0
52 552 3.0
60 61 3.0
72 73 3.0
81 82 3.0
83 154 3.0
87 88 3.0
103 203 3.0
122 871 3.0
169 398 3.0
180 629 3.0
186 187 3.0
195 196 3.0
203 327 3.0
222 239 3.0
241 264 3.0
250 273 3.0
251 252 3.0
251 274 3.0
289 313 3.0
294 295 3.0
299 327 3.0
307 332 3.0
318 343 3.0
335 356 3.0
339 361 3.0
362 363 3.0
373 996 3.0
378 405 3.0
380 381 3.0
386 387 3.0
421 422 3.0
441 480 3.0
463 503 3.0
522 560 3.0
527 565 3.0
534 567 3.0
576 601 3.0
580 1033 3.0
589 612 3.0
599 621 3.0
602 628 3.0
638 673 3.0
641 676 3.0
723 724 3.0
744 769 3.0
750 775 3.0
759 780 3.0
769 770 3.0
799 816 3.0
924 925 3.0
940 977 3.0
975 1012 3.0
992 993 3.0
1018 1079 3.0
1021 1022 3.0
1022 1080 3.0
1029 1095 3.0
1035 1039 3.0
1051 1073 3.0
1059 1079 3.0
1075 1097 3.0
1099 1100 3.0
16 28 3.1622776601683795
24 39 3.1622776601683795
26 27 3.1622776601683795
29 30 3.1622776601683795
35 49 3.1622776601683795
58 59 3.1622776601683795
61 70 3.1622776601683795
68 77 3.1622776601683795
88 98 3.1622776601683795
93 470 3.1622776601683795
121 131 3.1622776601683795
134 145 3.1622776601683795
135 136 3.1622776601683795
140 151 3.1622776601683795
143 664 3.1622776601683795
149 164 3.1622776601683795
169 603 3.1622776601683795
181 182 3.1622776601683795
198 211 3.1622776601683795
211 228 3.1622776601683795
227 244 3.1622776601683795
235 256 3.1622776601683795
261 288 3.1622776601683795
266 291 3.1622776601683795
267 292 3.1622776601683795
279 299 3.1622776601683795
286 287 3.1622776601683795
309 334 3.1622776601683795
354 378 3.1622776601683795
374 399 3.1622776601683795
393 394 3.1622776601683795
403 434 3.1622776601683795
406 438 3.1622776601683795
409 442 3.1622776601683795
440 441 3.1622776601683795
473 474 3.1622776601683795
473 516 3.1622776601683795
475 518 3.1622776601683795
476 519 3.1622776601683795
478 479 3.1622776601683795
497 498 3.1622776601683795
526 527 3.1622776601683795
559 584 3.1622776601683795
563 564 3.1622776601683795
570 571 3.1622776601683795
615 616 3.1622776601683795
623 624 3.1622776601683795
633 668 3.1622776601683795
651 652 3.1622776601683795
704 735 3.1622776601683795
705 735 3.1622776601683795
706 707 3.1622776601683795
707 738 3.1622776601683795
725 726 3.1622776601683795
763 784 3.1622776601683795
764 765 3.1622776601683795
783 802 3.1622776601683795
802 803 3.1622776601683795
821 839 3.1622776601683795
828 844 3.1622776601683795
836 837 3.1622776601683795
843 844 3.1622776601683795
854 855 3.1622776601683795
855 876 3.1622776601683795
856 857 3.1622776601683795
863 888 3.1622776601683795
872 873 3.1622776601683795
881 882 3.1622776601683795
898 899 3.1622776601683795
912 945 3.1622776601683795
950 987 3.1622776601683795
959 960 3.1622776601683795
961 998 3.1622776601683795
962 963 3.1622776601683795
976 1013 3.1622776601683795
980 981 3.1622776601683795
1005 1048 3.1622776601683795
1007 1035 3.1622776601683795
1014 1067 3.1622776601683795
1025 1051 3.1622776601683795
1 694 3.605551275463989
5 6 3.605551275463989
19 33 3.605551275463989
32 33 3.605551275463989
32 46 3.605551275463989
44 45 3.605551275463989
79 88 3.605551275463989
99 109 3.605551275463989
100 109 3.605551275463989
108 118 3.605551275463989
115 126 3.605551275463989
125 126 3.605551275463989
139 150 3.605551275463989
139 151 3.605551275463989
149 150 3.605551275463989
201 202 3.605551275463989
215 232 3.605551275463989
225 242 3.605551275463989
236 237 3.605551275463989
253 551 3.605551275463989
272 273 3.605551275463989
312 337 3.605551275463989
333 334 3.605551275463989
342 364 3.605551275463989
360 387 3.605551275463989
365 366 3.605551275463989
366 392 3.605551275463989
405 406 3.605551275463989
413 414 3.605551275463989
419 458 3.605551275463989
451 452 3.605551275463989
459 460 3.605551275463989
459 500 3.605551275463989
481 523 3.605551275463989
489 490 3.605551275463989
501 537 3.605551275463989
504 505 3.605551275463989
515 516 3.605551275463989
534 535 3.605551275463989
552 694 3.605551275463989
561 562 3.605551275463989
574 599 3.605551275463989
574 600 3.605551275463989
585 586 3.605551275463989
607 608 3.605551275463989
620 621 3.605551275463989
626 658 3.605551275463989
627 659 3.605551275463989
643 644 3.605551275463989
648 649 3.605551275463989
682 713 3.605551275463989
683 713 3.605551275463989
697 728 3.605551275463989
702 703 3.605551275463989
717 747 3.605551275463989
728 729 3.605551275463989
765 766 3.605551275463989
772 794 3.605551275463989
837 854 3.605551275463989
890 918 3.605551275463989
909 942 3.605551275463989
911 945 3.605551275463989
920 952 3.605551275463989
921 954 3.605551275463989
921 955 3.605551275463989
944 945 3.605551275463989
976 977 3.605551275463989
984 1021 3.605551275463989
985 1022 3.605551275463989
991 992 3.605551275463989
1002 1003 3.605551275463989
21 22 4.0
27 41 4.0
49 50 4.0
52 604 4.0
74 180 4.0
124 134 4.0
144 145 4.0
147 148 4.0
160 161 4.0
164 175 4.0
165 166 4.0
169 180 4.0
171 172 4.0
173 174 4.0
177 187 4.0
187 199 4.0
189 201 4.0
233 350 4.0
247 248 4.0
301 302 4.0
318 319 4.0
328 814 4.0
347 369 4.0
411 444 4.0
416 417 4.0
443 482 4.0
450 451 4.0
474 517 4.0
477 520 4.0
509 545 4.0
520 558 4.0
521 522 4.0
547 548 4.0
548 549 4.0
567 568 4.0
593 615 4.0
604 752 4.0
611 644 4.0
617 649 4.0
622 623 4.0
640 675 4.0
654 686 4.0
658 690 4.0
689 690 4.0
711 741 4.0
747 748 4.0
749 750 4.0
758 759 4.0
760 761 4.0
771 772 4.0
782 783 4.0
784 785 4.0
807 824 4.0
835 852 4.0
862 887 4.0
879 880 4.0
883 911 4.0
894 895 4.0
902 903 4.0
914 947 4.0
933 934 4.0
935 936 4.0
966 1003 4.0
989 990 4.0
1006 1007 4.0
1010 1011 4.0
1029 1030 4.0
1038 1051 4.0
1042 1048 4.0
1055 1083 4.0
1060 1100 4.0
6 7 4.123105625617661
20 21 4.123105625617661
48 59 4.123105625617661
56 57 4.123105625617661
62 71 4.123105625617661
73 81 4.123105625617661
87 97 4.123105625617661
89 90 4.123105625617661
99 108 4.123105625617661
102 111 4.123105625617661
116 126 4.123105625617661
127 138 4.123105625617661
130 131 4.123105625617661
137 138 4.123105625617661
146 162 4.123105625617661
147 163 4.123105625617661
152 167 4.123105625617661
164 165 4.123105625617661
166 167 4.123105625617661
167 178 4.123105625617661
183 195 4.123105625617661
199 212 4.123105625617661
207 208 4.123105625617661
234 254 4.123105625617661
248 271 4.123105625617661
265 290 4.123105625617661
284 285 4.123105625617661
310 335 4.123105625617661
312 313 4.123105625617661
320 321 4.123105625617661
326 349 4.123105625617661
341 363 4.123105625617661
355 379 4.123105625617661
363 390 4.123105625617661
369 396 4.123105625617661
382 409 4.123105625617661
391 392 4.123105625617661
396 425 4.123105625617661
397 428 4.123105625617661
402 432 4.123105625617661
413 452 4.123105625617661
415 416 4.123105625617661
439 478 4.123105625617661
444 445 4.123105625617661
454 494 4.123105625617661
461 462 4.123105625617661
483 526 4.123105625617661
484 527 4.123105625617661
498 535 4.123105625617661
502 503 4.123105625617661
506 507 4.123105625617661
508 543 4.123105625617661
509 510 4.123105625617661
517 555 4.123105625617661
524 562 4.123105625617661
538 571 4.123105625617661
554 555 4.123105625617661
570 596 4.123105625617661
571 572 4.123105625617661
586 609 4.123105625617661
592 593 4.123105625617661
597 619 4.123105625617661
601 623 4.123105625617661
612 645 4.123105625617661
624 656 4.123105625617661
626 627 4.123105625617661
631 632 4.123105625617661
641 642 4.123105625617661
651 683 4.123105625617661
655 687 4.123105625617661
661 662 4.123105625617661
672 703 4.123105625617661
681 682 4.123105625617661
685 686 4.123105625617661
686 716 4.123105625617661
699 700 4.123105625617661
700 731 4.123105625617661
727 728 4.123105625617661
732 760 4.123105625617661
742 743 4.123105625617661
748 773 4.123105625617661
751 776 4.123105625617661
762 763 4.123105625617661
780 800 4.123105625617661
791 792 4.123105625617661
797 811 4.123105625617661
802 820 4.123105625617661
803 804 4.123105625617661
812 813 4.123105625617661
819 820 4.123105625617661
825 826 4.123105625617661
828 829 4.123105625617661
848 866 4.123105625617661
854 875 4.123105625617661
888 889 4.123105625617661
888 916 4.123105625617661
889 917 4.123105625617661
901 902 4.123105625617661
913 946 4.123105625617661
917 918 4.123105625617661
923 956 4.123105625617661
978 979 4.123105625617661
992 1029 4.123105625617661
999 1041 4.123105625617661
1002 1040 4.123105625617661
1009 1053 4.123105625617661
1012 1044 4.123105625617661
1018 1019 4.123105625617661
1020 1055 4.123105625617661
1031 1100 4.123105625617661
32 47 4.242640687119285
60 69 4.242640687119285
79 80 4.242640687119285
125 136 4.242640687119285
153 168 4.242640687119285
214 215 4.242640687119285
219 236 4.242640687119285
220 236 4.242640687119285
268 294 4.242640687119285
367 395 4.242640687119285
389 390 4.242640687119285
431 475 4.242640687119285
464 505 4.242640687119285
484 485 4.242640687119285
491 532 4.242640687119285
495 496 4.242640687119285
566 590 4.242640687119285
586 587 4.242640687119285
635 636 4.242640687119285
742 767 4.242640687119285
808 809 4.242640687119285
822 840 4.242640687119285
832 833 4.242640687119285
877 878 4.242640687119285
907 939 4.242640687119285
971 972 4.242640687119285
1013 1067 4.242640687119285
1030 1099 4.242640687119285
2 3 4.47213595499958
11 25 4.47213595499958
14 27 4.47213595499958
17 18 4.47213595499958
45 56 4.47213595499958
63 72 4.47213595499958
66 75 4.47213595499958
91 101 4.47213595499958
106 107 4.47213595499958
111 120 4.47213595499958
119 129 4.47213595499958
156 157 4.47213595499958
156 172 4.47213595499958
181 192 4.47213595499958
194 205 4.47213595499958
196 209 4.47213595499958
197 198 4.47213595499958
199 200 4.47213595499958
207 224 4.47213595499958
218 219 4.47213595499958
229 230 4.47213595499958
231 232 4.47213595499958
233 372 4.47213595499958
239 260 4.47213595499958
246 269 4.47213595499958
252 275 4.47213595499958
258 285 4.47213595499958
284 306 4.47213595499958
293 316 4.47213595499958
296 320 4.47213595499958
313 338 4.47213595499958
315 340 4.47213595499958
326 327 4.47213595499958
332 333 4.47213595499958
338 339 4.47213595499958
339 340 4.47213595499958
354 379 4.47213595499958
360 361 4.47213595499958
389 419 4.47213595499958
420 421 4.47213595499958
431 474 4.47213595499958
438 439 4.47213595499958
447 487 4.47213595499958
490 530 4.47213595499958
499 500 4.47213595499958
510 546 4.47213595499958
525 563 4.47213595499958
539 572 4.47213595499958
541 573 4.47213595499958
549 550 4.47213595499958
565 566 4.47213595499958
588 610 4.47213595499958
595 617 4.47213595499958
600 622 4.47213595499958
608 641 4.47213595499958
634 669 4.47213595499958
637 638 4.47213595499958
639 674 4.47213595499958
640 674 4.47213595499958
653 654 4.47213595499958
666 667 4.47213595499958
667 698 4.47213595499958
680 710 4.47213595499958
683 684 4.47213595499958
718 719 4.47213595499958
734 763 4.47213595499958
736 737 4.47213595499958
748 749 4.47213595499958
767 768 4.47213595499958
776 797 4.47213595499958
781 782 4.47213595499958
790 809 4.47213595499958
800 818 4.47213595499958
804 805 4.47213595499958
816 833 4.47213595499958
851 872 4.47213595499958
862 886 4.47213595499958
876 901 4.47213595499958
879 908 4.47213595499958
883 884 4.47213595499958
892 920 4.47213595499958
898 929 4.47213595499958
912 913 4.47213595499958
927 928 4.47213595499958
944 981 4.47213595499958
953 954 4.47213595499958
957 958 4.47213595499958
962 999 4.47213595499958
967 968 4.47213595499958
995 996 4.47213595499958
1008 1053 4.47213595499958
1016 1065 4.47213595499958
1017 1054 4.47213595499958
9 19 5.0
11 24 5.0
20 33 5.0
65 66 5.0
68 78 5.0
70 71 5.0
71 80 5.0
75 76 5.0
77 86 5.0
79 89 5.0
85 86 5.0
95 96 5.0
106 115 5.0
109 110 5.0
119 120 5.0
125 137 5.0
129 130 5.0
131 142 5.0
137 148 5.0
140 141 5.0
152 168 5.0
174 185 5.0
176 186 5.0
179 188 5.0
182 193 5.0
185 197 5.0
221 222 5.0
243 267 5.0
245 246 5.0
247 269 5.0
256 257 5.0
258 259 5.0
259 286 5.0
266 290 5.0
270 296 5.0
293 294 5.0
301 329 5.0
317 342 5.0
325 348 5.0
341 342 5.0
344 345 5.0
345 367 5.0
346 347 5.0
346 368 5.0
352 374 5.0
359 386 5.0
379 380 5.0
382 408 5.0
384 413 5.0
385 386 5.0
391 421 5.0
401 402 5.0
417 418 5.0
420 460 5.0
444 483 5.0
446 486 5.0
456 496 5.0
457 497 5.0
465 505 5.0
467 508 5.0
481 525 5.0
491 530 5.0
492 532 5.0
495 533 5.0
527 528 5.0
567 592 5.0
577 578 5.0
578 602 5.0
584 606 5.0
591 614 5.0
593 594 5.0
598 620 5.0
613 646 5.0
619 651 5.0
632 666 5.0
642 643 5.0
672 673 5.0
675 706 5.0
678 709 5.0
685 715 5.0
696 723 5.0
700 701 5.0
706 736 5.0
725 755 5.0
727 756 5.0
734 735 5.0
746 770 5.0
753 959 5.0
760 781 5.0
773 774 5.0
775 796 5.0
781 801 5.0
804 822 5.0
807 808 5.0
813 827 5.0
835 836 5.0
839 856 5.0
842 843 5.0
863 864 5.0
869 894 5.0
874 875 5.0
887 915 5.0
894 922 5.0
907 908 5.0
917 949 5.0
919 951 5.0
923 957 5.0
930 931 5.0
933 968 5.0
937 974 5.0
946 947 5.0
946 982 5.0
948 949 5.0
949 950 5.0
953 990 5.0
963 1000 5.0
965 966 5.0
970 1007 5.0
972 1009 5.0
974 1011 5.0
983 1020 5.0
993 994 5.0
1011 1012 5.0
7 17 5.0990195135927845
14 15 5.0990195135927845
16 30 5.0990195135927845
17 30 5.0990195135927845
21 34 5.0990195135927845
44 54 5.0990195135927845
50 51 5.0990195135927845
51 62 5.0990195135927845
56 65 5.0990195135927845
90 91 5.0990195135927845
92 102 5.0990195135927845
94 104 5.0990195135927845
105 106 5.0990195135927845
113 123 5.0990195135927845
116 117 5.0990195135927845
127 128 5.0990195135927845
135 146 5.0990195135927845
198 212 5.0990195135927845
218 235 5.0990195135927845
221 238 5.0990195135927845
266 267 5.0990195135927845
271 272 5.0990195135927845
290 314 5.0990195135927845
303 304 5.0990195135927845
304 305 5.0990195135927845
305 306 5.0990195135927845
319 320 5.0990195135927845
319 344 5.0990195135927845
398 579 5.0990195135927845
415 454 5.0990195135927845
424 425 5.0990195135927845
434 435 5.0990195135927845
462 463 5.0990195135927845
466 507 5.0990195135927845
468 469 5.0990195135927845
469 511 5.0990195135927845
479 522 5.0990195135927845
486 487 5.0990195135927845
492 493 5.0990195135927845
502 539 5.0990195135927845
512 549 5.0990195135927845
513 550 5.0990195135927845
539 540 5.0990195135927845
542 575 5.0990195135927845
553 554 5.0990195135927845
560 585 5.0990195135927845
569 570 5.0990195135927845
602 603 5.0990195135927845
606 607 5.0990195135927845
618 650 5.0990195135927845
654 655 5.0990195135927845
656 688 5.0990195135927845
678 679 5.0990195135927845
687 688 5.0990195135927845
688 689 5.0990195135927845
693 694 5.0990195135927845
693 720 5.0990195135927845
715 745 5.0990195135927845
716 717 5.0990195135927845
718 748 5.0990195135927845
724 754 5.0990195135927845
729 757 5.0990195135927845
770 791 5.0990195135927845
775 776 5.0990195135927845
780 781 5.0990195135927845
790 791 5.0990195135927845
810 811 5.0990195135927845
810 826 5.0990195135927845
823 824 5.0990195135927845
827 843 5.0990195135927845
852 873 5.0990195135927845
859 884 5.0990195135927845
865 890 5.0990195135927845
873 899 5.0990195135927845
874 900 5.0990195135927845
891 892 5.0990195135927845
902 933 5.0990195135927845
905 906 5.0990195135927845
922 923 5.0990195135927845
932 967 5.0990195135927845
936 937 5.0990195135927845
937 938 5.0990195135927845
941 978 5.0990195135927845
981 1018 5.0990195135927845
986 987 5.0990195135927845
998 999 5.0990195135927845
11 12 5.385164807134504
18 31 5.385164807134504
31 45 5.385164807134504
34 35 5.385164807134504
42 43 5.385164807134504
114 124 5.385164807134504
171 182 5.385164807134504
194 206 5.385164807134504
226 243 5.385164807134504
244 245 5.385164807134504
254 281 5.385164807134504
256 283 5.385164807134504
260 286 5.385164807134504
287 288 5.385164807134504
340 341 5.385164807134504
374 375 5.385164807134504
375 376 5.385164807134504
376 401 5.385164807134504
381 408 5.385164807134504
388 389 5.385164807134504
423 424 5.385164807134504
440 479 5.385164807134504
448 449 5.385164807134504
453 454 5.385164807134504
487 488 5.385164807134504
550 578 5.385164807134504
553 581 5.385164807134504
609 610 5.385164807134504
618 619 5.385164807134504
634 635 5.385164807134504
638 639 5.385164807134504
643 678 5.385164807134504
660 692 5.385164807134504
663 693 5.385164807134504
670 701 5.385164807134504
680 711 5.385164807134504
762 783 5.385164807134504
895 924 5.385164807134504
914 915 5.385164807134504
920 954 5.385164807134504
928 963 5.385164807134504
950 951 5.385164807134504
985 986 5.385164807134504
1014 1015 5.385164807134504
59 68 5.656854249492381
104 113 5.656854249492381
206 223 5.656854249492381
336 358 5.656854249492381
448 487 5.656854249492381
500 537 5.656854249492381
526 564 5.656854249492381
573 599 5.656854249492381
788 806 5.656854249492381
792 793 5.656854249492381
969 1005 5.656854249492381
84 94 5.830951894845301
178 179 5.830951894845301
184 196 5.830951894845301
227 228 5.830951894845301
287 309 5.830951894845301
383 410 5.830951894845301
402 433 5.830951894845301
430 472 5.830951894845301
504 542 5.830951894845301
556 582 5.830951894845301
589 590 5.830951894845301
636 671 5.830951894845301
846 847 5.830951894845301
882 883 5.830951894845301
906 907 5.830951894845301
1005 1052 5.830951894845301
191 351 6.0
217 234 6.0
306 331 6.0
348 349 6.0
426 427 6.0
695 871 6.0
816 817 6.0
834 850 6.0
905 938 6.0
910 911 6.0
967 1004 6.0
1037 1058 6.0
1045 1052 6.0
1047 1066 6.0
1068 1071 6.0
159 160 6.082762530298219
229 246 6.082762530298219
275 276 6.082762530298219
281 282 6.082762530298219
321 322 6.082762530298219
329 352 6.082762530298219
358 382 6.082762530298219
406 407 6.082762530298219
412 413 6.082762530298219
510 511 6.082762530298219
555 556 6.082762530298219
632 633 6.082762530298219
640 641 6.082762530298219
712 742 6.082762530298219
740 741 6.082762530298219
757 779 6.082762530298219
838 839 6.082762530298219
857 878 6.082762530298219
866 891 6.082762530298219
867 868 6.082762530298219
904 905 6.082762530298219
966 967 6.082762530298219
2 13 6.324555320336759
86 96 6.324555320336759
104 114 6.324555320336759
155 171 6.324555320336759
189 190 6.324555320336759
404 437 6.324555320336759
544 545 6.324555320336759
556 557 6.324555320336759
624 625 6.324555320336759
845 846 6.324555320336759
970 971 6.324555320336759
37 279 6.4031242374328485
255 283 6.4031242374328485
278 279 6.4031242374328485
331 353 6.4031242374328485
437 477 6.4031242374328485
465 506 6.4031242374328485
690 691 6.4031242374328485
754 778 6.4031242374328485
38 53 6.708203932499369
170 181 6.708203932499369
282 302 6.708203932499369
511 547 6.708203932499369
648 680 6.708203932499369
659 692 6.708203932499369
660 661 6.708203932499369
0 132 7.0
7 8 7.0
311 336 7.0
647 648 7.0
815 831 7.0
250 274 7.0710678118654755
428 471 7.0710678118654755
435 436 7.0710678118654755
754 755 7.0710678118654755
38 39 7.280109889280518
93 551 7.280109889280518
322 323 7.280109889280518
475 476 7.280109889280518
144 155 7.615773105863909
372 397 7.615773105863909
1006 1071 7.615773105863909
1058 1063 8.0
370 371 8.246211251235321
543 544 8.246211251235321
2 12 8.94427190999916
263 264 9.055385138137417
605 631 9.219544457292887
817 834 10.63014581273465
778 815 11.0
831 832 11.045361017187261
823 841 11.661903789690601
348 371 13.416407864998739
377 403 13.601470508735444
157 158 14.0
1047 1063 14.0
832 897 16.1245154965971
377 433 17.804493814764857
581 696 19.026297590440446
146 161 19.6468827043885
1036 1037 20.0
303 330 21.213203435596427
330 403 22.02271554554524
10 83 23.0
324 370 24.351591323771842
37 154 25.0
262 311 28.460498941515414
